1721767530701 3172.654057515349 0
1721767530702 3163.2804344358233 1
1721767530702 3135.85028951712 2
1721767530703 3114.2190108934683 3
1721767530704 3116.8606367884045 4
1721767530704 3135.988329020869 5
1721767530705 3155.8128463679523 6
1721767530705 3167.4403114458537 7
1721767530706 3171.7025278835727 8
1721767530706 3172.7571017674213 9
1721767530707 3172.958350876527 10
1721767530708 3172.992703417611 11
1721767530708 3172.9987167555178 12
1721767530709 3172.999906557226 13
1721767530709 3173.000267967755 14
1721767530710 3173.0003003073507 15
1721767530710 3173.0003102579954 16
1721767530711 3173.0003102579954 17
1721767530712 3173.0003102579954 18
1721767530712 3173.0003102579954 19
1721767530713 3173.0003102579954 20
1721767530713 3173.0003102579954 21
1721767530714 3173.0003102579954 22
1721767530714 3173.0003102579954 23
1721767530715 3173.0003102579954 24
