1721767657341 3171.596215349989 0
1721767657342 3145.205547748791 1
1721767657343 3068.830570759657 2
1721767657344 3012.615386821988 3
1721767657344 3023.0785317326063 4
1721767657345 3075.7810085802544 5
1721767657345 3127.732025909302 6
1721767657346 3157.4251543593773 7
1721767657347 3169.1117627660556 8
1721767657347 3172.1734312264293 9
1721767657348 3172.7577555558805 10
1721767657349 3172.939595543604 11
1721767657349 3172.9876279279774 12
1721767657350 3172.997167681114 13
1721767657350 3172.9987537206084 14
1721767657351 3172.9996503281227 15
1721767657352 3173.0000735803537 16
1721767657352 3173.000287519217 17
1721767657353 3173.0002978196894 18
1721767657353 3173.0003003073507 19
1721767657354 3173.0003003073507 20
1721767657355 3173.0003003073507 21
1721767657355 3173.000305282673 22
1721767657356 3173.000307770334 23
1721767657357 3173.0003102579954 24
