1721767684049 3172.617788620007 0
1721767684050 3169.6226670791 1
1721767684051 3160.5021412543783 2
1721767684051 3153.061869183537 3
1721767684052 3152.257887363054 4
1721767684053 3152.9993132888994 5
1721767684053 3146.9532792349946 6
1721767684054 3143.5914056514066 7
1721767684055 3142.021734851387 8
1721767684055 3145.8761199528462 9
1721767684056 3155.4849970707787 10
1721767684056 3165.049434958854 11
1721767684057 3170.5310735704034 12
1721767684058 3172.4502983560915 13
1721767684058 3172.9006610415463 14
1721767684059 3172.983123512068 15
1721767684059 3172.996981806179 16
1721767684060 3172.9994861424834 17
1721767684060 3173.0000586543865 18
1721767684061 3173.000287519217 19
1721767684062 3173.0003003073507 20
1721767684062 3173.000305282673 21
1721767684063 3173.0003102579954 22
1721767684064 3173.0003102579954 23
1721767684064 3173.0003102579954 24
