1721767471328 3172.985364039676 0
1721767471329 3171.0721616485357 1
1721767471329 3164.8101208630196 2
1721767471330 3158.314027307368 3
1721767471331 3157.2997618919535 4
1721767471331 3157.8607001848954 5
1721767471332 3160.555985398362 6
1721767471333 3165.585921874378 7
1721767471333 3169.898190327538 8
1721767471334 3172.08923637197 9
1721767471334 3172.643058593439 10
1721767471335 3172.6426805078063 11
1721767471335 3172.7886383537652 12
1721767471336 3172.9041993897767 13
1721767471337 3172.96087534734 14
1721767471337 3172.983524841785 15
1721767471338 3172.9924834928133 16
1721767471338 3172.9962526104896 17
1721767471339 3172.9969118407075 18
1721767471339 3172.997176582277 19
1721767471340 3172.997859250928 20
1721767471340 3172.9986090864313 21
1721767471341 3172.999216775419 22
1721767471342 3172.9996951060243 23
1721767471342 3172.999926458516 24
