1721767726120 3172.6727728513447 0
1721767726121 3170.0813021709196 1
1721767726122 3164.4377868195625 2
1721767726123 3160.8974633862913 3
1721767726123 3162.131588337471 4
1721767726124 3166.1034479139716 5
1721767726125 3169.907055302574 6
1721767726125 3170.053259310383 7
1721767726126 3166.4957544174645 8
1721767726127 3158.33708077467 9
1721767726127 3142.4072390785454 10
1721767726128 3126.777912996848 11
1721767726128 3124.140225263941 12
1721767726129 3133.6406662407585 13
1721767726130 3148.6762916869825 14
1721767726130 3162.1947379280023 15
1721767726131 3169.5591984848897 16
1721767726132 3169.2220064651206 17
1721767726132 3163.1973567355913 18
1721767726133 3154.8919930581815 19
1721767726134 3143.6136496570757 20
1721767726134 3132.1310972576025 21
1721767726135 3127.157674186037 22
1721767726135 3132.986965665922 23
1721767726136 3146.6062400027117 24
