1721767670255 3171.201536589454 0
1721767670256 3115.897191803654 1
1721767670257 2939.283929677549 2
1721767670258 2791.1851482661623 3
1721767670259 2794.029087522762 4
1721767670259 2910.9243212260935 5
1721767670260 3043.8927115647016 6
1721767670260 3127.9605152195113 7
1721767670261 3160.263619711854 8
1721767670262 3168.6045323399067 9
1721767670262 3169.5899847304245 10
1721767670263 3171.3343798742612 11
1721767670263 3172.3261361926097 12
1721767670264 3172.7802953600144 13
1721767670266 3172.9417367591122 14
1721767670267 3172.9850646263285 15
1721767670268 3172.9956964238627 16
1721767670269 3172.9986243622257 17
1721767670269 3172.999605550221 18
1721767670270 3172.9999364091605 19
1721767670271 3173.000138259545 20
1721767670271 3173.0002825438946 21
1721767670272 3173.0002949822006 22
1721767670272 3173.0002949822006 23
1721767670273 3173.0002978196894 24
