1721767555338 3170.803328653939 0
1721767555339 3125.740311920064 1
1721767555339 2994.7689191687355 2
1721767555340 2893.4664039022696 3
1721767555340 2905.3845793224978 4
1721767555341 2993.945159275618 5
1721767555342 3087.7453751657404 6
1721767555342 3144.063533312271 7
1721767555343 3165.1960416568195 8
1721767555343 3171.3030011766637 9
1721767555344 3172.6803307936384 10
1721767555345 3172.9406090711946 11
1721767555345 3172.9874001514986 12
1721767555346 3172.996715276603 13
1721767555346 3172.9990252255066 14
1721767555347 3172.9997747111825 15
1721767555347 3173.000075718188 16
1721767555348 3173.000245228977 17
1721767555349 3173.0002900068785 18
1721767555349 3173.0002949822006 19
1721767555350 3173.000295332028 20
1721767555350 3173.0003003073507 21
1721767555351 3173.0003003073507 22
1721767555351 3173.0003003073507 23
1721767555352 3173.0003003073507 24
