1721767495310 3173.0285432691353 0
1721767495311 3168.8498391727035 1
1721767495312 3155.361850106285 2
1721767495312 3144.2601605412156 3
1721767495313 3145.454598045258 4
1721767495314 3154.9528234876884 5
1721767495314 3164.706815173303 6
1721767495315 3170.0119007768344 7
1721767495315 3171.1061893166147 8
1721767495316 3172.0290837524008 9
1721767495316 3172.6497778829507 10
1721767495317 3172.9010682017197 11
1721767495317 3172.973981862462 12
1721767495318 3172.992452552527 13
1721767495318 3172.9975365546265 14
1721767495319 3172.9990497522913 15
1721767495319 3172.9992739916265 16
1721767495320 3172.9996528157835 17
1721767495320 3172.9999712364174 18
1721767495321 3173.000247716638 19
1721767495322 3173.0002978196894 20
1721767495322 3173.000305282673 21
1721767495323 3173.0003102579954 22
1721767495323 3173.0003102579954 23
1721767495324 3173.0003102579954 24
