1721767606494 3172.458855249836 0
1721767606494 3165.1601311790396 1
1721767606495 3143.2673655465765 2
1721767606496 3124.7437878824157 3
1721767606496 3125.9292662301236 4
1721767606497 3141.419526492348 5
1721767606498 3158.103219748796 6
1721767606498 3168.1198054913257 7
1721767606499 3171.8502110003133 8
1721767606499 3172.671987838757 9
1721767606500 3172.881276952254 10
1721767606501 3172.9701046481327 11
1721767606501 3172.9940151147184 12
1721767606502 3172.9990333881447 13
1721767606502 3173.0000536790644 14
1721767606503 3173.000295332028 15
1721767606504 3173.0003027950115 16
1721767606504 3173.0003102579954 17
1721767606505 3173.0003102579954 18
1721767606505 3173.0003102579954 19
1721767606506 3173.0003102579954 20
1721767606507 3173.0003102579954 21
1721767606507 3173.0003102579954 22
1721767606508 3173.0003102579954 23
1721767606508 3173.0003102579954 24
