1721767752661 3170.483571912999 0
1721767752662 3110.778515593904 1
1721767752663 2917.6979840537806 2
1721767752664 2753.385071685067 3
1721767752664 2741.9231161485905 4
1721767752665 2849.015499684067 5
1721767752666 2991.499439732054 6
1721767752666 3099.1160778864955 7
1721767752667 3144.799384272757 8
1721767752668 3161.7525572768445 9
1721767752668 3166.878224242134 10
1721767752669 3170.343180364455 11
1721767752669 3172.1106915169507 12
1721767752670 3172.4147602889666 13
1721767752671 3172.703703381229 14
1721767752671 3172.8833725347276 15
1721767752672 3172.9559413045667 16
1721767752673 3172.981879098422 17
1721767752673 3172.991756745915 18
1721767752674 3172.9960194699916 19
1721767752675 3172.9980340868665 20
1721767752675 3172.99909488002 21
1721767752676 3172.9996254515104 22
1721767752677 3172.9998767052916 23
1721767752677 3173.000078205849 24
