1721767567667 3172.4754198083756 0
1721767567668 3169.147838828784 1
1721767567668 3160.9851243301973 2
1721767567669 3154.7204793132314 3
1721767567670 3155.5177091936494 4
1721767567670 3161.3488802959196 5
1721767567671 3167.5086012440793 6
1721767567671 3171.189785694207 7
1721767567672 3172.564470616368 8
1721767567672 3172.912289069652 9
1721767567673 3172.9818299671133 10
1721767567674 3172.9953481512944 11
1721767567674 3172.9985820719853 12
1721767567675 3172.9996204761883 13
1721767567676 3172.999988650046 14
1721767567677 3173.00025269196 15
1721767567677 3173.0002978196894 16
1721767567678 3173.0003003073507 17
1721767567678 3173.000307770334 18
1721767567679 3173.0003102579954 19
1721767567679 3173.0003102579954 20
1721767567680 3173.0003102579954 21
1721767567681 3173.0003102579954 22
1721767567681 3173.0003102579954 23
1721767567682 3173.0003102579954 24
