1721767460142 3172.858259594909 0
1721767460142 3171.1644995121073 1
1721767460143 3165.930746621756 2
1721767460143 3160.378220355163 3
1721767460144 3159.769341216006 4
1721767460145 3162.928545935597 5
1721767460145 3167.1143875984494 6
1721767460146 3170.5664498618103 7
1721767460146 3172.284046597626 8
1721767460147 3172.7384188487604 9
1721767460147 3172.890061972305 10
1721767460148 3172.9675861243854 11
1721767460148 3172.992184934599 12
1721767460149 3172.998241262401 13
1721767460149 3172.9997125196523 14
1721767460150 3173.0001556731736 15
1721767460150 3173.000295332028 16
1721767460151 3173.0003003073507 17
1721767460151 3173.000307770334 18
1721767460152 3173.0003102579954 19
1721767460152 3173.0003102579954 20
1721767460153 3173.0003102579954 21
1721767460154 3173.0003102579954 22
1721767460154 3173.0003102579954 23
1721767460155 3173.0003102579954 24
