1721767766316 3170.026343593588 0
1721767766318 3131.7019187952756 1
1721767766319 3035.8707546895525 2
1721767766319 2967.777633912357 3
1721767766320 2980.7339448678304 4
1721767766321 3046.4444339668994 5
1721767766321 3113.897658201259 6
1721767766322 3153.8086024568142 7
1721767766323 3168.5534986311645 8
1721767766323 3172.190090665922 9
1721767766324 3172.8688230983694 10
1721767766325 3172.975330408051 11
1721767766325 3172.966565950075 12
1721767766326 3172.6961772732247 13
1721767766327 3171.2448821423864 14
1721767766327 3160.267137381401 15
1721767766328 3083.4923656787337 16
1721767766329 2717.786662606596 17
1721767766329 2027.9992192047755 18
1721767766330 1636.3475032005317 19
1721767766331 1810.3186321820333 20
1721767766331 2260.1037660236475 21
1721767766332 2733.120560379891 22
1721767766332 3028.483092610651 23
1721767766333 3139.8255402034038 24
