1721767506762 3172.5903317202924 0
1721767506764 3162.1592360485743 1
1721767506765 3124.5468098155025 2
1721767506765 3091.425380036892 3
1721767506766 3093.2653859513066 4
1721767506766 3119.919243209929 5
1721767506767 3148.200225203304 6
1721767506767 3164.7128917522214 7
1721767506768 3170.187040443463 8
1721767506768 3172.097446509065 9
1721767506769 3172.7782782554777 10
1721767506770 3172.9534271730963 11
1721767506770 3172.986188777103 12
1721767506771 3172.991724756147 13
1721767506771 3172.9968346843407 14
1721767506772 3172.999207524429 15
1721767506772 3172.9999836747234 16
1721767506773 3173.0002750809113 17
1721767506774 3173.0002978196894 18
1721767506774 3173.0003003073507 19
1721767506775 3173.0003102579954 20
1721767506775 3173.0003102579954 21
1721767506776 3173.0003102579954 22
1721767506776 3173.0003102579954 23
1721767506777 3173.0003102579954 24
