1721767618996 3171.965893581896 0
1721767618997 3154.4771286372716 1
1721767618997 3100.693199037462 2
1721767618998 3058.3259413387723 3
1721767618999 3063.576617516182 4
1721767618999 3100.90903015574 5
1721767619000 3139.5526894416193 6
1721767619000 3162.210902711613 7
1721767619001 3170.4976199690163 8
1721767619002 3172.5353736871366 9
1721767619002 3172.920254794034 10
1721767619003 3172.984967724151 11
1721767619003 3172.9357491918213 12
1721767619004 3172.866935935261 13
1721767619004 3172.8059126731414 14
1721767619005 3172.747731797161 15
1721767619006 3172.706195745664 16
1721767619006 3172.714724381132 17
1721767619007 3172.7768814337137 18
1721767619007 3172.8624480389767 19
1721767619008 3172.9326646085415 20
1721767619009 3172.971908319112 21
1721767619009 3172.9887818918164 22
1721767619010 3172.995419593815 23
1721767619010 3172.998076377107 24
