1721767631399 3171.305442155347 0
1721767631400 3128.8421103203113 1
1721767631401 2989.251336884677 2
1721767631401 2873.0049263854407 3
1721767631402 2881.4402599823625 4
1721767631402 2976.837249780153 5
1721767631403 3079.463162401986 6
1721767631404 3141.910925675835 7
1721767631404 3165.6104989175565 8
1721767631405 3171.44659609431 9
1721767631405 3172.368886455991 10
1721767631406 3172.802453619112 11
1721767631407 3172.9544456760095 12
1721767631407 3172.9903703801024 13
1721767631408 3172.9978403991204 14
1721767631408 3172.999555796997 15
1721767631409 3172.9999861623846 16
1721767631410 3173.0002278153484 17
1721767631410 3172.9987411268235 18
1721767631411 3172.9642533969013 19
1721767631411 3172.9151382968603 20
1721767631412 3172.883760881963 21
1721767631413 3172.867433856198 22
1721767631413 3172.8657765685325 23
1721767631414 3172.8797542703815 24
