1721767739535 3172.226314666753 0
1721767739536 3157.77766664065 1
1721767739537 3108.659344339576 2
1721767739538 3064.2453847276884 3
1721767739538 3065.680195488191 4
1721767739539 3096.4362459077975 5
1721767739540 3129.8196691674916 6
1721767739540 3154.992989926216 7
1721767739541 3166.564578168845 8
1721767739542 3168.703303528561 9
1721767739542 3170.028394009463 10
1721767739543 3169.83512108069 11
1721767739544 3170.1778871329457 12
1721767739544 3171.032226212673 13
1721767739545 3171.4628422710853 14
1721767739546 3172.0210555644007 15
1721767739546 3172.558150324391 16
1721767739547 3172.8581181091786 17
1721767739548 3172.9641563781147 18
1721767739548 3172.9913803705495 19
1721767739549 3172.997715666233 20
1721767739550 3172.999386636035 21
1721767739550 3172.9999438721443 22
1721767739551 3173.0002402536543 23
1721767739551 3173.000295332028 24
