1721767793103 3169.227117714884 0
1721767793104 3081.885816078812 1
1721767793105 2819.7156066457246 2
1721767793106 2615.722478809791 3
1721767793107 2617.045247797487 4
1721767793107 2773.5216008675097 5
1721767793108 2956.136950063622 6
1721767793109 3074.8355625239437 7
1721767793109 3140.240807897516 8
1721767793110 3165.120112523135 9
1721767793111 3171.225812586757 10
1721767793111 3172.051949284673 11
1721767793112 3172.070442052731 12
1721767793113 3172.3786641694696 13
1721767793113 3172.500687838322 14
1721767793114 3172.52860612145 15
1721767793115 3172.6660157027395 16
1721767793115 3172.780665943794 17
1721767793116 3172.8767019489583 18
1721767793117 3172.9478411687405 19
1721767793117 3172.982405355375 20
1721767793118 3172.993390634018 21
1721767793119 3172.931011946371 22
1721767793119 3172.642164084889 23
1721767793120 3170.0377752908075 24
