1721767518542 3172.3297222339697 0
1721767518544 3154.157075592561 1
1721767518545 3086.254453690943 2
1721767518545 3022.2384024068742 3
1721767518547 3020.8373824035907 4
1721767518548 3068.647442940826 5
1721767518549 3122.6799160538726 6
1721767518549 3155.3032526636634 7
1721767518550 3167.649188190637 8
1721767518550 3170.792493140274 9
1721767518551 3171.9034730315757 10
1721767518551 3172.624905391135 11
1721767518552 3172.8955524349226 12
1721767518553 3172.9706399228576 13
1721767518553 3172.990370768799 14
1721767518554 3172.996341077941 15
1721767518554 3172.998567146018 16
1721767518555 3172.999518482079 17
1721767518556 3172.999918995532 18
1721767518556 3173.0001755744634 19
1721767518557 3173.000287519217 20
1721767518558 3173.0002978196894 21
1721767518558 3173.0003003073507 22
1721767518559 3173.0003003073507 23
1721767518559 3173.000305282673 24
