1721767712340 3172.0420667395965 0
1721767712341 3152.328482018252 1
1721767712341 3089.4395706669916 2
1721767712342 3033.619833866211 3
1721767712343 3026.814836613522 4
1721767712343 3065.4327369061953 5
1721767712344 3116.824124257744 6
1721767712345 3148.7742010953793 7
1721767712345 3162.8192512404103 8
1721767712346 3168.877726437806 9
1721767712347 3171.329074198227 10
1721767712347 3172.512097107721 11
1721767712348 3172.8825168181447 12
1721767712349 3172.929111528693 13
1721767712349 3172.7837154277286 14
1721767712350 3172.115932125097 15
1721767712350 3169.6816885513476 16
1721767712351 3153.824078624709 17
1721767712352 2998.6510355511664 18
1721767712352 2328.82918886386 19
1721767712353 1625.4006346878855 20
1721767712353 1655.0768240503664 21
1721767712354 2083.308249092315 22
1721767712355 2604.6714070476064 23
1721767712355 2970.283403770424 24
