1721767698712 3172.0479645956057 0
1721767698713 3158.5727964685784 1
1721767698713 3120.5042130485913 2
1721767698714 3088.1392018634447 3
1721767698715 3089.3713713963116 4
1721767698715 3115.955073888202 5
1721767698716 3145.539230805828 6
1721767698717 3163.817834828314 7
1721767698717 3170.7873926574193 8
1721767698718 3172.0838483698976 9
1721767698719 3172.1606196935077 10
1721767698719 3171.9065037025725 11
1721767698720 3171.5390473408147 12
1721767698720 3170.6550694104117 13
1721767698721 3167.9978154836385 14
1721767698722 3158.7264459686207 15
1721767698722 3105.9823981256095 16
1721767698723 2862.8697738125147 17
1721767698724 2475.345810988435 18
1721767698724 2231.0139271712305 19
1721767698725 2369.932638799057 20
1721767698726 2719.5694958474714 21
1721767698726 3002.3370836510285 22
1721767698727 3129.259100369977 23
1721767698728 3164.6283448548324 24
