1721767593782 3172.5448390047864 0
1721767593783 3161.905283893451 1
1721767593784 3123.4380633775227 2
1721767593784 3085.7235869851165 3
1721767593785 3083.1137895880183 4
1721767593785 3110.0934550177994 5
1721767593786 3142.102008024573 6
1721767593787 3160.7182043859334 7
1721767593787 3168.3835071405206 8
1721767593788 3171.276675229922 9
1721767593788 3171.649538717648 10
1721767593789 3172.217733090745 11
1721767593790 3172.7003892334646 12
1721767593790 3172.9109633405806 13
1721767593791 3172.9747750765578 14
1721767593791 3172.9918249622497 15
1721767593792 3172.9969114520104 16
1721767593793 3172.9988208874606 17
1721767593793 3172.9996453528 18
1721767593794 3172.9999712364174 19
1721767593794 3173.0002303030096 20
1721767593795 3173.0002949822006 21
1721767593796 3173.0003003073507 22
1721767593796 3173.0003003073507 23
1721767593797 3173.000307770334 24
