1721767483043 3172.631310030374 0
1721767483044 3164.8976123350058 1
1721767483045 3132.0965556542674 2
1721767483046 3094.8842272018287 3
1721767483046 3090.3966988969087 4
1721767483048 3114.8623758190624 5
1721767483049 3144.429404994975 6
1721767483049 3163.2090981466304 7
1721767483050 3170.571334851014 8
1721767483051 3172.3906181978014 9
1721767483051 3172.7122893106443 10
1721767483052 3172.883628452874 11
1721767483052 3172.953105448538 12
1721767483053 3172.978605763849 13
1721767483053 3172.983419310532 14
1721767483054 3172.956206745791 15
1721767483055 3172.938640087354 16
1721767483055 3172.9397661427447 17
1721767483056 3172.9486344217057 18
1721767483056 3172.959229487368 19
1721767483057 3172.969046303771 20
1721767483057 3172.9771615987825 21
1721767483058 3172.983440339043 22
1721767483058 3172.9880385086844 23
1721767483059 3172.991363384488 24
