1721767580666 3172.7036945966756 0
1721767580667 3167.7410396387045 1
1721767580667 3152.7342452140506 2
1721767580668 3139.0718085561243 3
1721767580669 3138.9771314358904 4
1721767580669 3149.3520751914257 5
1721767580670 3161.1497819254 6
1721767580670 3168.846866806266 7
1721767580671 3171.959963036464 8
1721767580672 3172.7932462019635 9
1721767580672 3172.9616075748663 10
1721767580673 3172.9922023482277 11
1721767580673 3172.998223848773 12
1721767580674 3172.9997349086034 13
1721767580675 3173.00021040172 14
1721767580675 3173.0002978196894 15
1721767580676 3173.0003102579954 16
1721767580676 3173.0003102579954 17
1721767580677 3173.0003102579954 18
1721767580678 3173.0003102579954 19
1721767580678 3173.0003102579954 20
1721767580679 3173.0003102579954 21
1721767580680 3173.0003102579954 22
1721767580681 3173.0003102579954 23
1721767580682 3173.0003102579954 24
