1721767644699 3172.305909680174 0
1721767644700 3158.3338416843085 1
1721767644701 3107.869599248664 2
1721767644702 3063.432669350646 3
1721767644703 3064.230067031586 4
1721767644703 3098.2380140207697 5
1721767644704 3135.901081495159 6
1721767644705 3160.149766843954 7
1721767644705 3169.5742095378796 8
1721767644706 3172.1763258534543 9
1721767644706 3172.833757414785 10
1721767644707 3172.96978478932 11
1721767644708 3172.9941850142045 12
1721767644708 3172.9961754929923 13
1721767644709 3172.9978475122766 14
1721767644710 3172.9994513152265 15
1721767644710 3173.0000583045594 16
1721767644711 3173.000285031556 17
1721767644712 3173.0002978196894 18
1721767644713 3173.0003003073507 19
1721767644713 3173.0003003073507 20
1721767644714 3173.000307770334 21
1721767644715 3173.0003102579954 22
1721767644715 3173.0003102579954 23
1721767644716 3173.0003102579954 24
