1721767779655 3171.3317153558974 0
1721767779656 3134.4477913377773 1
1721767779657 3014.4137937937207 2
1721767779657 2909.709356358089 3
1721767779658 2907.894620650324 4
1721767779659 2984.811123584832 5
1721767779659 3074.6025740841055 6
1721767779660 3135.209645470964 7
1721767779661 3161.4452514356913 8
1721767779661 3169.7833739184894 9
1721767779662 3172.23359161994 10
1721767779662 3172.6902010947574 11
1721767779663 3172.864352576844 12
1721767779664 3172.9635930783315 13
1721767779664 3172.9926685903542 14
1721767779665 3172.9981186673476 15
1721767779666 3172.9990376638125 16
1721767779666 3172.9997846618276 17
1721767779667 3173.0001556731736 18
1721767779668 3173.0002900068785 19
1721767779668 3173.000295332028 20
1721767779669 3173.0003003073507 21
1721767779669 3173.0003003073507 22
1721767779670 3173.0003003073507 23
1721767779671 3173.0003003073507 24
