1721767542986 3172.2198780377453 0
1721767542987 3156.0484700961356 1
1721767542988 3102.1509374828975 2
1721767542988 3052.2579597384474 3
1721767542989 3051.87447595862 4
1721767542990 3088.350857481268 5
1721767542990 3131.0530236822237 6
1721767542991 3158.5164934269774 7
1721767542991 3169.4343983529197 8
1721767542992 3172.3102653417177 9
1721767542992 3172.875387414362 10
1721767542993 3172.948910280011 11
1721767542993 3172.976016808194 12
1721767542994 3172.9909692067968 13
1721767542995 3172.997432072856 14
1721767542995 3172.999508531434 15
1721767542996 3173.0001009446273 16
1721767542996 3173.0002900068785 17
1721767542997 3173.0002978196894 18
1721767542997 3173.0003003073507 19
1721767542998 3173.0003003073507 20
1721767542999 3173.000307770334 21
1721767542999 3173.0003102579954 22
1721767543000 3173.0003102579954 23
1721767543000 3173.0003102579954 24
